image: avz3floor_pg2elevator_v2.pgm
resolution: 0.050000
origin: [-25.000000, -12.500000, 0.000000]
negate: 0
occupied_thresh: 0.65
free_thresh: 0.196

